2.185431e+02
4.778214e+02
3.793973e+02
3.193963e+02
1.202084e+02
1.201975e+02
7.613763e+01
4.397793e+02
3.205018e+02
3.686327e+02
5.926302e+01
4.864594e+02
4.245992e+02
1.455526e+02
1.318212e+02
1.325320e+02
1.869090e+02
2.861404e+02
2.443753e+02
1.810531e+02
3.253338e+02
1.127722e+02
1.814651e+02
2.148628e+02
2.552315e+02
4.033292e+02
1.398532e+02
2.814055e+02
3.165866e+02
7.090269e+01
3.233952e+02
1.267359e+02
7.927322e+01
4.769985e+02
4.845344e+02
4.137788e+02
1.870762e+02
9.395245e+01
3.579049e+02
2.480686e+02
1.049172e+02
2.728296e+02
6.547483e+01
4.591942e+02
1.664510e+02
3.481350e+02
1.902700e+02
2.840306e+02
2.960196e+02
1.331845e+02
4.863131e+02
3.988098e+02
4.727745e+02
4.526723e+02
3.190550e+02
4.648434e+02
8.982163e+01
1.381923e+02
7.035228e+01
1.963986e+02
2.249048e+02
1.721071e+02
4.229319e+02
2.105390e+02
1.764205e+02
2.942132e+02
1.134159e+02
4.109886e+02
8.354779e+01
4.940991e+02
3.975101e+02
1.394221e+02
5.248495e+01
4.169576e+02
3.680858e+02
3.780532e+02
3.970717e+02
8.332009e+01
2.113096e+02
1.021411e+02
4.383965e+02
3.304842e+02
1.989041e+02
7.860126e+01
1.899420e+02
1.963325e+02
3.783228e+02
3.369009e+02
4.492457e+02
2.624967e+02
1.038174e+02
3.709602e+02
3.923533e+02
3.025747e+02
3.969352e+02
2.722080e+02
2.852298e+02
2.423935e+02
6.143861e+01
9.855114e+01
6.414313e+01
3.363847e+02
1.914602e+02
2.788568e+02
4.584049e+02
1.621815e+02
2.346723e+02
3.899980e+02
1.529592e+02
8.464096e+01
1.803882e+02
1.225496e+02
4.683639e+02
4.136542e+02
3.350317e+02
4.421573e+02
4.116524e+02
1.339565e+02
4.516515e+02
2.927040e+02
4.133481e+02
4.532411e+02
1.931016e+02
9.952337e+01
1.525708e+02
2.421985e+02
4.181066e+02
4.373288e+02
5.312846e+01
2.798363e+02
2.378350e+02
1.499485e+02
1.039394e+02
2.019268e+02
4.743094e+02
1.954413e+02
2.834558e+02
3.663585e+02
2.136333e+02
4.873019e+02
4.831013e+02
1.633020e+02
2.737618e+02
1.853952e+02
1.781782e+02
6.659913e+01
3.243040e+02
2.762056e+02
7.316544e+01
1.753909e+02
4.587196e+02
1.578029e+02
1.152027e+02
2.702537e+02
4.935427e+02
1.589249e+02
3.524610e+02
3.927288e+02
1.569369e+02
3.776974e+02
2.155024e+02
3.345376e+02
3.350884e+02
2.910986e+02
9.063040e+01
4.258861e+02
1.943510e+02
1.339333e+02
6.834881e+01
3.159018e+02
3.549040e+02
5.746452e+01
2.804419e+02
1.519231e+02
3.403278e+02
1.284649e+02
3.609220e+02
2.240309e+02
4.715285e+02
1.118844e+02
2.034799e+02
1.010631e+02
4.661121e+02
4.448027e+02
1.660737e+02
3.469928e+02
4.177500e+02
2.998404e+02
2.883428e+02
1.588335e+02
9.189625e+01
4.537471e+02
4.551881e+02
3.348957e+02
2.025634e+02
2.071443e+02
3.766801e+02
4.536996e+02
4.491889e+02
4.009440e+02
3.389142e+02
8.786298e+01
1.227329e+02
4.543494e+02
3.228931e+02
5.413867e+01
9.566219e+01
3.485758e+02
5.227771e+01
1.223636e+02
2.969302e+02
3.613528e+02
3.433826e+02
1.509212e+02
3.704806e+02
1.567621e+02
1.964299e+02
3.859211e+02
3.423348e+02
4.321505e+02
3.459258e+02
3.057389e+02
9.215365e+01
2.154721e+02
1.693411e+02
1.597953e+02
4.878547e+02
2.268940e+02
4.514209e+02
3.340124e+02
4.076651e+02
2.761867e+02
3.096067e+02
2.716330e+02
1.378593e+02
3.751035e+02
1.763476e+02
6.094218e+01
3.404625e+02
1.296998e+02
4.732064e+02
4.792679e+02
4.616890e+02
2.165714e+02
5.695548e+01
4.677434e+02
2.426829e+02
4.849947e+02
4.836290e+02
4.338543e+02
1.825020e+02
2.232940e+02
4.330115e+02
1.926149e+02
1.262717e+02
3.005606e+02
4.712696e+02
3.632134e+02
3.065275e+02
9.372942e+01
3.267533e+02
4.955242e+02
1.130378e+02
2.832483e+02
4.448179e+02
3.833459e+02
3.636571e+02
3.661178e+02
2.117710e+02
1.821163e+02
4.142125e+02
4.145510e+02
4.401825e+02
4.609582e+02
2.801041e+02
2.756823e+02
4.092328e+02
3.424838e+02
3.658851e+02
4.081067e+02
4.505024e+02
2.020978e+02
2.190123e+02
9.229187e+01
3.102261e+02
6.617402e+01
2.595191e+02
2.941901e+02
1.789436e+02
3.158750e+02
6.372511e+01
6.680668e+01
4.201703e+02
2.120858e+02
1.071772e+02
2.850095e+02
3.964971e+02
1.471195e+02
3.303007e+02
8.840636e+01
7.325677e+01
2.891096e+02
2.932858e+02
3.368435e+02
3.767411e+02
4.891334e+02
2.823352e+02
1.953304e+02
4.078338e+02
1.718745e+02
2.475371e+02
8.530537e+01
6.140783e+01
4.831918e+02
4.261911e+02
3.631884e+02
2.340288e+02
1.279824e+02
1.203967e+02
1.626093e+02
2.971520e+02
3.715682e+02
3.470888e+02
1.759703e+02
4.796894e+02
3.820536e+02
2.994593e+02
3.252743e+02
2.388200e+02
1.614789e+02
2.101877e+02
3.910307e+02
5.647707e+01
1.022327e+02
7.070119e+01
6.832796e+01
4.349573e+02
3.666460e+02
2.633782e+02
9.402537e+01
2.712271e+02
2.630623e+02
1.279408e+02
2.452332e+02
2.293271e+02
3.271325e+02
3.357921e+02
7.038680e+01
2.185757e+02
3.316370e+02
2.764113e+02
4.354204e+02
3.464121e+02
1.233205e+02
8.175594e+01
3.390887e+02
6.193009e+01
3.135990e+02
4.731036e+02
3.089634e+02
2.246765e+02
3.394797e+02
2.562138e+02
2.955276e+02
4.736592e+02
2.237462e+02
4.825358e+02
4.574078e+02
1.381060e+02
8.121259e+01
9.535010e+01
5.819982e+01
9.249933e+01
3.573530e+02
8.203489e+01
1.935390e+02
4.301939e+02
6.047237e+01
4.165108e+02
1.768346e+02
1.031742e+02
3.635317e+02
3.330243e+02
4.448624e+02
3.807820e+02
4.115664e+02
1.769156e+02
1.298478e+02
3.877766e+02
4.130756e+02
4.957273e+02
2.356780e+02
2.174081e+02
3.993858e+02
2.033616e+02
4.688408e+02
4.362857e+02
2.430473e+02
3.878920e+02
3.895443e+02
9.640574e+01
4.561488e+02
2.773636e+02
4.219059e+02
1.940223e+02
4.529855e+02
2.251408e+02
5.487694e+01
4.574219e+02
9.107900e+01
1.936911e+02
4.775279e+02
4.777732e+02
3.080470e+02
3.343267e+02
2.518005e+02
1.819448e+02
1.978990e+02
3.526333e+02
3.885685e+02
4.062106e+02
4.053282e+02
9.104275e+01
2.724891e+02
7.590144e+01
2.972880e+02
2.486887e+02
4.494669e+02
2.079118e+02
1.026802e+02
1.143463e+02
3.926798e+02
3.281981e+02
9.550520e+01
8.784806e+01
3.654361e+02
8.274335e+01
4.198370e+02
3.678090e+02
8.660695e+01
8.817697e+01
4.939878e+02
2.184219e+02
2.167890e+02
4.157598e+02
4.762619e+02
4.937005e+02
3.890202e+02
2.193168e+02
8.757532e+01
3.997161e+02
3.012819e+02
2.408999e+02
4.578595e+02
1.000389e+02
2.716813e+02
5.510914e+01
2.608973e+02
7.533647e+01
1.034681e+02
1.028868e+02
3.421446e+02
3.857202e+02
3.125159e+02
4.829776e+02
2.186918e+02
1.785704e+02
4.408696e+02
1.506181e+02
4.834501e+02
5.546951e+01
4.864455e+02
6.942196e+01
4.510144e+02
2.874655e+02
4.968342e+02
8.320845e+01
2.992344e+02
4.861861e+02
2.853940e+02
3.332294e+02
3.630869e+02
2.545435e+02
3.324011e+02
3.129414e+02
4.555211e+02
7.045087e+01
1.764334e+02
4.776852e+02
4.506187e+02
2.550455e+02
3.290597e+02
1.748215e+02
1.346545e+02
2.586643e+02
2.090085e+02
3.126453e+02
8.498059e+01
4.884777e+02
4.937948e+02
3.641728e+02
2.912434e+02
1.892874e+02
