6.000020e-01 -1.670153e-01 7.823704e-01
9.771713e-01 -1.502321e-01 -1.502216e-01
8.688969e-01 4.222494e-01 -2.583090e-01
6.367516e-01 -5.438697e-01 -5.465831e-01
9.351637e-02 -7.394666e-01 -6.666662e-01
-4.684517e-01 -8.438075e-01 2.618050e-01
-4.074178e-01 -6.336810e-01 6.576162e-01
-1.563433e-01 4.676125e-02 -9.865952e-01
-4.259439e-01 8.678968e-02 -9.005772e-01
4.903650e-01 -7.839599e-01 -3.807217e-01
-3.089469e-01 9.510541e-01 -6.930163e-03
-5.835082e-01 4.537740e-01 -6.735038e-01
8.788506e-02 -8.245847e-01 -5.588705e-01
2.513443e-01 9.428438e-01 2.187960e-01
-7.642145e-02 -1.989721e-01 -9.770209e-01
-5.295448e-01 -3.388634e-01 7.776593e-01
1.882617e-01 -9.659349e-01 1.775592e-01
-3.888610e-01 -6.835645e-01 6.176785e-01
6.351949e-01 5.737581e-01 -5.170387e-01
-2.874640e-01 3.079641e-01 9.069303e-01
-3.928114e-01 -1.521972e-01 -9.069373e-01
-6.033684e-01 4.098392e-01 6.840895e-01
-6.735378e-02 9.386422e-01 3.382518e-01
-3.780238e-01 2.117686e-01 9.012503e-01
-1.173996e-02 5.127236e-01 -8.584735e-01
9.351242e-01 9.903829e-02 -3.401973e-01
4.583969e-02 -9.929029e-01 -1.097385e-01
2.223155e-01 9.200424e-01 -3.226419e-01
-6.123224e-01 -3.800118e-01 6.932909e-01
4.070877e-01 -6.559943e-01 6.355715e-01
8.088179e-02 8.070428e-01 -5.849273e-01
-2.113735e-01 -2.529474e-01 -9.441075e-01
7.500605e-01 6.612423e-01 1.295218e-02
-1.569066e-01 -9.466891e-01 -2.813541e-01
-3.862899e-01 -9.042851e-01 -1.817928e-01
2.086111e-01 9.738363e-01 9.013439e-02
1.329354e-01 -3.842548e-02 -9.903796e-01
-1.075997e-02 2.444288e-02 9.996433e-01
-5.352900e-01 8.391271e-01 -9.659374e-02
-6.495407e-01 6.351706e-01 4.179176e-01
4.277068e-01 -4.917010e-01 7.584834e-01
-5.258209e-01 2.201245e-01 8.216189e-01
-8.648463e-01 -4.944397e-01 8.700652e-02
-3.085415e-01 -9.502824e-01 4.201698e-02
-7.165112e-01 3.194325e-01 -6.201407e-01
8.775470e-01 -4.434650e-01 -1.823459e-01
5.449455e-01 -8.245111e-01 1.523671e-01
6.284112e-01 -7.728004e-01 8.876306e-02
1.748623e-01 5.260499e-01 -8.322828e-01
-9.102856e-01 3.598118e-01 2.047329e-01
3.118501e-01 4.313094e-01 -8.465942e-01
2.880462e-01 3.634750e-01 -8.859545e-01
8.241745e-01 2.093077e-01 -5.262383e-01
4.641875e-01 -6.891060e-01 5.564737e-01
6.752524e-01 -4.783099e-01 5.614747e-01
1.958091e-01 3.899571e-01 8.997734e-01
-2.059564e-01 -6.326173e-01 -7.465771e-01
-9.190948e-01 -8.686306e-02 3.843430e-01
3.171861e-01 9.482462e-01 1.490479e-02
4.695635e-01 -8.549726e-02 8.787493e-01
4.149968e-01 -5.685412e-01 -7.103088e-01
5.419629e-01 -2.510165e-01 8.020392e-01
4.864753e-01 -7.486613e-02 -8.704808e-01
-8.432025e-01 -2.485416e-01 4.766934e-01
1.678100e-01 -9.764292e-01 1.357419e-01
3.946414e-01 -9.052454e-01 1.574450e-01
4.854468e-02 -9.532099e-01 2.983861e-01
3.479191e-01 6.719412e-01 6.537946e-01
-7.897904e-01 -5.376364e-01 2.952595e-01
1.310406e-01 1.313624e-01 9.826354e-01
3.592322e-01 7.145534e-01 6.003046e-01
6.211507e-01 -3.006330e-01 7.237344e-01
-8.196907e-01 -2.511797e-01 -5.147969e-01
2.752009e-02 7.780188e-01 -6.276379e-01
3.780876e-01 -8.885082e-01 -2.600057e-01
7.101296e-01 4.191847e-02 -7.028220e-01
-5.826951e-01 5.536086e-01 -5.949655e-01
3.145635e-01 6.622624e-02 -9.469234e-01
7.107280e-01 2.101473e-01 -6.713448e-01
1.702535e-01 -6.042845e-01 7.783662e-01
-8.371287e-01 -1.211945e-01 5.334111e-01
5.705973e-01 -7.910850e-01 -2.204613e-01
-2.446339e-01 -3.365156e-01 9.093468e-01
2.513375e-01 -7.825227e-01 5.696383e-01
7.560820e-01 3.678468e-01 -5.413213e-01
-3.165305e-01 8.281451e-01 -4.625841e-01
3.448621e-01 6.019158e-01 -7.202551e-01
-1.750842e-02 -9.533664e-01 -3.013071e-01
-1.220048e-01 -6.027502e-01 7.885474e-01
-9.521512e-01 -2.929702e-01 8.704370e-02
6.150130e-01 -6.127040e-01 4.963395e-01
9.432280e-03 -9.047014e-01 4.259419e-01
3.128859e-01 -9.434324e-01 1.097163e-01
-4.975332e-01 1.465784e-01 8.549711e-01
5.409069e-01 -4.221537e-01 7.274654e-01
-9.548199e-01 -7.424227e-02 2.877621e-01
3.934573e-01 -8.719315e-01 -2.914220e-01
-4.303717e-01 -5.144937e-01 7.416714e-01
2.999321e-01 -5.821200e-01 7.557625e-01
2.863579e-01 7.574677e-01 5.867213e-01
-6.638372e-01 -4.485781e-01 5.984128e-01
9.814670e-01 -3.360948e-02 1.886608e-01
8.458390e-01 -3.916318e-01 3.621891e-01
-1.776371e-01 -1.912446e-01 9.653344e-01
4.728348e-01 4.660141e-01 7.478356e-01
2.802340e-02 9.098641e-01 -4.139590e-01
8.941737e-01 -3.589839e-01 2.675517e-01
2.560726e-01 -3.520481e-01 9.002716e-01
-5.142156e-01 -6.206203e-01 5.919567e-01
6.664466e-01 5.254037e-01 5.289611e-01
-1.359945e-02 -9.963580e-01 8.417733e-02
-5.660668e-01 8.151419e-01 -1.229312e-01
-8.446131e-01 -3.288281e-01 4.224936e-01
-5.492985e-01 -8.011792e-01 2.374511e-01
3.337044e-01 -6.905807e-01 -6.416695e-01
1.141601e-01 -7.124048e-01 -6.924210e-01
-8.854275e-01 -2.630573e-01 3.831698e-01
8.607620e-01 5.003814e-01 -9.331239e-02
-1.896159e-02 -9.996498e-01 -1.845996e-02
-3.091581e-01 3.456368e-01 -8.859777e-01
3.201918e-01 9.449767e-01 -6.705370e-02
4.495071e-01 7.722568e-01 -4.489574e-01
9.154900e-01 5.144401e-02 3.990383e-01
-8.403535e-01 2.664547e-02 5.413834e-01
5.242438e-01 3.465486e-01 7.778641e-01
-6.524112e-01 7.416610e-01 1.558803e-01
8.827471e-01 -3.258389e-01 -3.385063e-01
-2.642106e-01 -9.362073e-01 -2.317513e-01
-8.973313e-01 1.777727e-01 4.039720e-01
8.602904e-01 4.358028e-01 -2.645306e-01
-5.376598e-01 2.943909e-01 -7.900987e-01
8.218982e-01 5.292937e-01 -2.105505e-01
-7.834941e-01 6.191872e-01 -5.238427e-02
5.878629e-01 -7.572245e-01 -2.846548e-01
1.158723e-02 1.038150e-01 -9.945291e-01
5.006038e-01 -8.580796e-01 -1.144348e-01
1.357291e-01 5.804392e-01 8.029122e-01
-4.907974e-01 -6.694923e-01 5.575822e-01
1.894539e-01 -4.267159e-01 8.843194e-01
9.746120e-02 9.936122e-01 5.688743e-02
7.580642e-01 6.457175e-01 -9.158364e-02
5.402945e-01 3.588961e-01 7.611015e-01
-6.076028e-01 4.319999e-01 6.664795e-01
-5.979295e-01 -4.022797e-01 -6.932903e-01
-1.597364e-01 4.254443e-01 8.907758e-01
3.468833e-02 7.624552e-01 -6.461105e-01
-9.750178e-01 -3.179556e-02 2.198394e-01
-1.579746e-02 -9.989475e-01 -4.306106e-02
-8.630555e-01 4.430648e-01 2.425466e-01
-6.239072e-01 -3.411131e-01 -7.031228e-01
-4.561791e-02 6.951535e-01 -7.174124e-01
4.672140e-01 -4.915098e-01 -7.349348e-01
-9.079145e-02 -8.781728e-01 -4.696483e-01
-5.205066e-01 8.537201e-01 1.532286e-02
-9.452119e-01 2.890510e-01 -1.517364e-01
-2.209866e-01 6.142139e-01 7.575660e-01
-6.392733e-01 -6.938821e-01 -3.314474e-01
-7.483009e-01 -4.925533e-01 4.443389e-01
9.342253e-01 -1.414349e-01 3.274436e-01
9.457987e-02 9.355824e-01 3.402063e-01
-6.827648e-02 -5.100232e-01 -8.574466e-01
1.253118e-01 -4.658309e-01 -8.759558e-01
-3.070488e-01 -5.136127e-01 8.012010e-01
5.117872e-01 -4.628076e-03 8.590998e-01
4.417295e-02 -4.917448e-01 8.696182e-01
4.550507e-01 -8.758412e-01 -1.607202e-01
-4.656064e-01 -7.352980e-01 4.924911e-01
7.848451e-01 -5.748661e-01 2.314024e-01
-6.469150e-01 -4.843346e-01 -5.890000e-01
-7.201642e-01 4.044435e-02 -6.926238e-01
7.422548e-01 -1.378759e-01 -6.557805e-01
-6.906163e-01 -4.388978e-01 5.748198e-01
4.541799e-01 -8.863459e-01 9.006425e-02
3.934699e-01 -8.741975e-01 2.845349e-01
-5.708843e-01 4.916000e-01 -6.575869e-01
-7.425043e-01 -6.695491e-01 1.978150e-02
2.284035e-01 -7.952684e-01 5.615870e-01
-8.077083e-01 -3.212312e-02 -5.887066e-01
-6.032810e-01 4.386795e-02 -7.963213e-01
-3.146906e-01 8.234724e-01 -4.720838e-01
5.564717e-01 -7.522505e-01 3.527866e-01
4.853412e-01 -8.321428e-01 -2.682953e-01
8.064915e-01 -2.837676e-01 5.186977e-01
-9.591523e-01 1.375080e-01 -2.472216e-01
9.402870e-01 2.048572e-01 2.718344e-01
-5.341808e-01 -6.323973e-01 -5.610032e-01
6.109923e-01 -6.520899e-01 4.488509e-01
9.125451e-01 3.830299e-01 -1.433512e-01
5.003585e-01 -1.699814e-01 -8.489686e-01
-4.680094e-01 -8.685250e-01 -1.631920e-01
1.078286e-02 9.814536e-01 1.913964e-01
-9.238058e-02 3.497069e-01 -9.322934e-01
1.399110e-01 4.577497e-01 -8.780035e-01
9.055715e-01 2.680058e-01 -3.288057e-01
2.676494e-01 9.604408e-01 7.692443e-02
2.488608e-01 -4.605457e-01 -8.520363e-01
6.949795e-01 -7.165302e-01 5.989994e-02
-6.332793e-01 6.350325e-01 4.423699e-01
8.739403e-01 -4.295969e-01 -2.273210e-01
-8.591828e-01 -3.900115e-01 3.312036e-01
5.127403e-01 -6.246214e-01 5.890207e-01
5.764214e-01 1.757938e-01 7.980194e-01
-3.357402e-01 -5.400446e-01 -7.717709e-01
9.156615e-01 4.005078e-01 -3.402088e-02
1.034313e-01 -4.157993e-01 9.035557e-01
1.733923e-01 1.467887e-01 9.738522e-01
5.052507e-01 2.351671e-01 -8.303121e-01
1.996877e-01 7.971208e-01 5.698450e-01
8.195657e-01 -2.629791e-01 -5.090717e-01
-1.140607e-01 5.053008e-02 9.921879e-01
-7.401390e-01 6.688943e-01 -6.909912e-02
-2.149196e-01 -5.095590e-01 -8.331622e-01
5.373221e-01 4.785808e-02 -8.420181e-01
-6.054406e-01 -1.569771e-01 7.802563e-01
-1.680136e-01 -9.728691e-01 -1.590506e-01
-1.005920e-01 -9.947262e-01 -2.002625e-02
-1.160978e-01 3.500039e-01 9.295260e-01
7.033001e-01 -1.678638e-01 -6.907899e-01
9.997207e-01 2.300568e-02 5.411370e-03
-9.795337e-02 8.042695e-01 -5.861363e-01
-7.231966e-01 -6.894068e-01 -4.129096e-02
-6.020290e-01 -7.897207e-01 1.179079e-01
-8.336574e-02 4.917361e-01 -8.667444e-01
4.112877e-01 4.695339e-01 -7.812684e-01
-2.291473e-01 -2.483739e-01 -9.411705e-01
-3.510656e-01 -5.012556e-01 7.908829e-01
5.390335e-01 7.325281e-01 4.157469e-01
-8.440422e-01 -3.921142e-01 3.658404e-01
-8.515548e-01 4.968034e-01 -1.674540e-01
-4.081561e-01 7.741904e-01 4.837746e-01
-2.220315e-01 7.131077e-01 -6.649657e-01
6.773167e-01 6.522068e-01 -3.403943e-01
2.052217e-01 -7.872729e-01 5.814511e-01
-1.558346e-01 -4.405484e-01 8.840999e-01
-3.180941e-01 -6.360860e-01 -7.030012e-01
2.687135e-01 -5.677607e-01 7.781008e-01
-7.728403e-01 6.297475e-01 7.833253e-02
-1.417356e-01 -7.985932e-01 5.849444e-01
-3.391010e-02 9.941112e-01 1.029229e-01
3.780686e-01 -9.146290e-01 -1.432408e-01
1.399530e-01 -7.775885e-01 -6.130002e-01
9.474012e-01 2.177935e-01 -2.345143e-01
2.870183e-02 5.411883e-01 -8.404114e-01
-6.150489e-01 1.547651e-01 -7.731511e-01
2.010190e-01 -8.383326e-01 5.067444e-01
4.219316e-01 2.285815e-01 8.773393e-01
6.210494e-01 3.782549e-01 -6.864553e-01
-8.984419e-01 -4.387100e-01 1.831957e-02
5.683564e-01 -7.968201e-01 2.050579e-01
-4.418084e-01 -3.576646e-01 -8.227280e-01
-4.844557e-01 -7.092805e-01 -5.120779e-01
3.523717e-01 -3.175095e-01 8.803533e-01
4.898268e-01 1.835281e-01 -8.522835e-01
7.656156e-01 -6.293175e-01 1.333875e-01
9.117558e-01 -3.421105e-02 4.093055e-01
-3.689999e-01 -1.836061e-02 9.292480e-01
-3.066974e-01 8.866068e-01 3.462154e-01
-4.362737e-01 4.905230e-01 7.543556e-01
3.381709e-01 -8.539656e-01 -3.954531e-01
-3.681456e-01 -1.107082e-01 9.231536e-01
1.269528e-01 -9.539944e-01 2.716203e-01
4.483947e-01 4.110923e-01 7.936909e-01
8.736142e-01 4.810356e-01 -7.350537e-02
-9.611217e-01 2.486003e-01 1.201793e-01
1.602374e-01 -7.533095e-01 -6.378469e-01
8.391353e-01 -3.151691e-02 5.430088e-01
3.015215e-02 3.168302e-02 9.990431e-01
-7.377793e-01 1.374220e-01 -6.609061e-01
-7.521359e-01 -5.351933e-01 3.845253e-01
-2.965399e-01 7.778233e-01 -5.541254e-01
-1.226336e-01 -2.885714e-01 9.495723e-01
1.080326e-01 5.671336e-01 -8.165099e-01
2.863854e-01 9.540424e-01 8.824156e-02
5.787667e-01 -2.809900e-01 7.655545e-01
9.701584e-01 -1.531216e-01 -1.880066e-01
6.578652e-01 7.149832e-01 -2.366693e-01
-2.925092e-01 -1.961617e-01 -9.359268e-01
-5.878979e-01 -6.426071e-01 -4.913575e-01
-2.211378e-02 1.493265e-01 9.885406e-01
-7.039408e-01 6.940471e-01 -1.508838e-01
-3.773402e-02 5.147946e-01 -8.564827e-01
5.925794e-01 2.579332e-01 7.630990e-01
1.132573e-01 9.616561e-01 -2.497807e-01
-5.367120e-01 -6.298474e-01 -5.614557e-01
-3.253561e-01 6.069370e-01 7.251006e-01
-5.123801e-01 -7.472364e-01 4.232072e-01
-6.390466e-01 7.324448e-01 2.348277e-01
-5.386837e-01 5.499713e-01 6.382409e-01
-7.861814e-01 -4.974043e-01 3.667529e-01
1.561712e-01 3.075006e-01 9.386447e-01
-1.103528e-01 -4.978566e-01 -8.602099e-01
-3.771594e-01 -1.709349e-02 9.259906e-01
-9.174964e-01 3.966773e-01 -2.911055e-02
4.180885e-01 8.889999e-01 -1.867649e-01
-3.653348e-01 7.793984e-01 5.089878e-01
9.374764e-01 2.964297e-01 -1.823937e-01
3.936573e-01 7.389243e-01 5.468317e-01
3.052118e-01 6.417868e-01 7.035307e-01
8.998773e-01 4.223532e-01 -1.088050e-01
1.001844e-01 8.238728e-01 -5.578500e-01
6.828903e-01 -7.285780e-01 5.324378e-02
9.883746e-01 1.477392e-01 3.590022e-02
-8.093876e-01 4.441708e-01 3.841928e-01
9.850877e-01 -1.401539e-01 9.979513e-02
1.558760e-01 9.859791e-01 -5.956399e-02
4.018072e-01 8.754063e-01 2.687280e-01
-3.787065e-01 1.646452e-01 9.107543e-01
-8.214531e-01 1.064069e-01 -5.602609e-01
5.930458e-01 -7.558865e-01 -2.773668e-01
2.340504e-01 9.713681e-01 -4.079638e-02
-2.277294e-01 7.716050e-01 -5.939402e-01
-9.568695e-01 1.914841e-01 -2.184824e-01
-8.063169e-01 5.592846e-01 1.924935e-01
-3.421144e-01 -7.765062e-01 5.291464e-01
3.316893e-01 -5.059291e-02 9.420311e-01
-5.383469e-01 -7.674735e-01 -3.480907e-01
-1.318777e-01 7.039668e-01 -6.978818e-01
1.812036e-01 -6.441699e-01 7.431086e-01
-7.012102e-02 9.536798e-01 2.925369e-01
5.332391e-01 6.651780e-01 5.226799e-01
4.315267e-01 8.923985e-01 1.319451e-01
4.410070e-01 -5.581644e-02 8.957664e-01
-3.515206e-01 9.359475e-01 -2.087006e-02
-8.999904e-01 8.058062e-02 -4.283971e-01
7.284707e-01 -5.655398e-01 -3.866461e-01
-6.082604e-01 -1.456015e-01 -7.802689e-01
-8.229360e-01 3.950827e-01 4.082720e-01
4.023191e-01 -9.143872e-01 -4.511657e-02
-1.898170e-03 -6.103399e-01 7.921374e-01
9.692909e-01 -2.441165e-01 2.970289e-02
1.008057e-01 -9.876946e-01 -1.195727e-01
-5.482496e-01 -8.052059e-01 -2.259775e-01
9.023919e-01 3.216865e-01 -2.867170e-01
3.230760e-01 7.895770e-01 5.217184e-01
6.252340e-02 -6.783236e-01 7.320983e-01
3.374550e-01 7.677221e-01 5.447265e-01
5.938531e-01 -3.028443e-01 7.454018e-01
8.999731e-02 9.451835e-01 -3.138926e-01
9.309643e-01 1.061358e-01 -3.493431e-01
-6.731783e-01 -4.456648e-01 5.900965e-01
6.732509e-01 -7.387487e-01 -3.136121e-02
7.688269e-01 6.199879e-01 1.565896e-01
6.067901e-02 1.916504e-01 9.795857e-01
-5.181424e-01 -1.303859e-01 -8.452976e-01
4.431135e-01 7.183484e-01 -5.363078e-01
6.360215e-01 -4.953112e-01 -5.917292e-01
1.124735e-01 5.247044e-01 8.438217e-01
-3.912510e-01 9.196981e-01 -3.283285e-02
-1.552632e-01 7.947751e-01 5.867076e-01
-6.150168e-01 5.760605e-01 5.384316e-01
-7.028994e-01 4.447357e-01 5.551059e-01
2.875393e-01 -6.070206e-01 -7.408421e-01
-1.976577e-02 9.070919e-01 4.204682e-01
-1.246013e-01 2.594467e-01 -9.576857e-01
5.428844e-01 -8.221550e-01 -1.712826e-01
-5.413786e-01 -6.259996e-01 5.612787e-01
-8.009112e-01 5.933678e-01 -8.034877e-02
3.479605e-01 5.603500e-02 -9.358331e-01
5.208075e-01 -2.581157e-01 -8.137173e-01
-2.408931e-01 8.444519e-01 4.784052e-01
-5.918816e-01 -5.929097e-01 -5.460167e-01
9.637226e-01 1.772386e-01 1.995624e-01
9.462074e-01 2.193028e-01 -2.379031e-01
-9.249292e-01 -3.372862e-01 -1.753397e-01
7.037864e-01 5.024371e-02 7.086327e-01
-4.033055e-02 3.929057e-02 -9.984136e-01
6.552331e-01 2.477615e-01 7.136413e-01
-8.105072e-01 5.844246e-01 -3.906368e-02
6.763042e-01 -6.346360e-01 3.739650e-01
-4.636376e-01 -2.745381e-01 8.424186e-01
-2.079705e-01 2.371463e-01 9.489520e-01
7.822542e-01 2.373817e-01 5.759586e-01
9.962335e-01 -2.388342e-02 8.335704e-02
5.436365e-01 5.720285e-01 6.142010e-01
3.051088e-01 -5.459909e-01 7.802580e-01
-8.157796e-01 2.153660e-01 -5.367692e-01
-1.381737e-01 7.082553e-01 6.923023e-01
2.440939e-01 9.335808e-01 2.623833e-01
-1.574740e-01 6.218084e-01 7.671742e-01
-7.998589e-01 3.892414e-01 4.568554e-01
-2.102185e-01 9.718900e-01 -1.060092e-01
5.857197e-01 -8.072499e-01 7.266454e-02
-4.544983e-01 -5.970223e-01 6.610565e-01
-3.364432e-01 -3.938163e-01 -8.554032e-01
-2.899866e-01 -6.004714e-01 7.452126e-01
3.940647e-01 -2.685395e-01 8.789764e-01
3.629600e-01 -1.200906e-01 -9.240337e-01
7.286002e-01 -4.419328e-01 -5.232946e-01
3.424922e-01 8.171528e-01 4.636382e-01
4.765826e-01 5.026512e-01 7.212564e-01
9.300295e-01 3.445862e-01 1.276933e-01
-7.756810e-02 -9.343453e-01 -3.478246e-01
-8.624651e-01 -5.009844e-02 -5.036309e-01
-6.180908e-01 1.007539e-01 7.796232e-01
4.434118e-01 -7.583207e-01 -4.778448e-01
6.823650e-01 -7.126228e-01 -1.629321e-01
4.917156e-01 -8.656455e-01 9.419978e-02
-8.906323e-01 -4.014897e-01 2.134953e-01
-9.637649e-01 2.664882e-01 -1.188091e-02
3.711196e-01 1.504080e-01 9.163229e-01
2.700492e-01 -9.260217e-01 2.637370e-01
9.932343e-01 8.932390e-02 7.420800e-02
-4.122570e-01 -3.893003e-01 -8.237047e-01
7.756133e-01 -5.514230e-01 -3.071752e-01
-6.063007e-01 7.552726e-01 -2.489232e-01
8.634350e-01 -4.660542e-01 1.930634e-01
-3.224855e-01 8.281343e-01 -4.584721e-01
3.788197e-01 7.749229e-01 5.059547e-01
-8.040468e-01 -5.633506e-01 1.901178e-01
-6.084505e-02 3.989556e-01 9.149493e-01
-3.762929e-01 -9.245825e-01 -5.958816e-02
8.162862e-01 -2.543032e-01 5.186586e-01
9.039145e-01 -2.982632e-01 3.065577e-01
9.668105e-01 -2.250955e-01 -1.208696e-01
-4.348118e-01 -7.585400e-01 -4.853409e-01
-8.462022e-01 2.356447e-02 -5.323406e-01
1.454094e-01 -9.677306e-01 2.057998e-01
3.800695e-01 -9.090963e-01 1.705610e-01
5.111783e-01 -5.036718e-01 6.964277e-01
5.097386e-01 -8.576502e-01 -6.784334e-02
7.161783e-01 9.749380e-02 6.910742e-01
-5.429920e-01 9.988510e-02 -8.337761e-01
-9.501212e-02 -7.721408e-01 -6.283083e-01
7.031964e-01 6.208313e-01 3.465303e-01
-6.569160e-01 -1.902878e-01 7.295560e-01
6.013342e-02 9.841396e-01 1.668929e-01
4.954246e-01 -7.974205e-01 3.444923e-01
-1.270607e-01 5.901020e-01 7.972674e-01
-3.274498e-01 -5.546029e-01 -7.649786e-01
2.055044e-01 -4.463593e-01 -8.709370e-01
1.540079e-01 9.880667e-01 -2.406124e-03
9.884853e-01 9.646751e-02 -1.165797e-01
9.188654e-01 -2.902079e-01 2.673309e-01
2.597395e-01 -5.394176e-01 8.009770e-01
-1.854982e-01 -8.012663e-01 5.688257e-01
-9.994570e-01 3.134876e-02 -1.014398e-02
9.160711e-01 4.004596e-01 -2.111296e-02
4.791715e-01 8.145943e-01 3.268498e-01
6.126466e-03 -7.763176e-01 -6.303122e-01
-4.318147e-01 -8.623034e-01 -2.645164e-01
1.054230e-01 9.857352e-01 -1.311952e-01
2.390070e-01 3.167479e-02 -9.705011e-01
-6.106184e-01 -9.366463e-02 -7.863664e-01
2.931371e-01 7.479552e-01 5.955112e-01
-1.410494e-01 9.851158e-01 9.824385e-02
-4.420908e-01 -8.044823e-01 -3.966913e-01
-8.562811e-01 3.759220e-01 3.542109e-01
2.401672e-03 3.445093e-01 9.387798e-01
3.060040e-01 -4.785243e-01 -8.230285e-01
5.591793e-01 -8.180605e-01 -1.345194e-01
-5.280926e-01 -8.132655e-01 2.443717e-01
2.749736e-01 -2.088178e-01 -9.385013e-01
-3.362493e-01 2.411811e-01 -9.103670e-01
3.016727e-01 -2.518851e-02 9.530788e-01
7.730248e-02 -6.290384e-01 7.735212e-01
-1.673965e-01 -2.883175e-02 -9.854680e-01
-4.412385e-01 -8.807233e-01 -1.721487e-01
6.285727e-01 -5.037888e-01 -5.925312e-01
9.027425e-01 -1.284456e-01 -4.105578e-01
4.755178e-01 -2.769302e-01 8.349805e-01
2.930486e-01 -2.109106e-01 9.325445e-01
-6.035544e-01 7.394484e-01 2.982250e-01
6.402450e-01 7.680095e-01 1.574084e-02
-6.769958e-01 4.133154e-01 -6.089721e-01
9.817512e-01 6.657623e-02 -1.781351e-01
1.105080e-01 -8.060860e-01 -5.813891e-01
6.967237e-01 -3.812633e-01 -6.076301e-01
3.609277e-01 7.974494e-01 4.835345e-01
5.259580e-01 -3.996218e-01 -7.507800e-01
9.648861e-01 -2.073818e-01 -1.612069e-01
8.793625e-01 3.682653e-01 3.018314e-01
8.866530e-01 -2.635459e-01 3.799868e-01
3.671314e-02 1.729578e-01 9.842448e-01
3.897294e-01 4.131056e-01 8.230764e-01
-2.627607e-01 -6.042189e-01 -7.522476e-01
-6.443915e-01 6.738362e-01 -3.615306e-01
-4.716311e-01 -5.900638e-01 6.552777e-01
6.173769e-01 6.512348e-01 -4.412923e-01
-4.057735e-01 6.861074e-01 -6.038249e-01
8.762713e-01 2.676632e-01 4.006309e-01
4.874626e-01 8.629368e-01 1.331177e-01
-8.615370e-01 2.655286e-01 -4.327223e-01
-3.599612e-01 3.992842e-01 8.432082e-01
1.229475e-02 1.785023e-01 9.838627e-01
9.005851e-02 9.732113e-01 2.115401e-01
-9.017004e-01 3.857922e-01 1.951942e-01
8.825222e-01 4.606290e-01 -9.473946e-02
-8.133154e-01 -1.388566e-01 -5.650105e-01
-3.115510e-01 3.158738e-01 8.961918e-01
2.955223e-01 -8.954539e-01 3.329098e-01
8.865828e-01 -4.517874e-01 -9.929315e-02
1.442692e-02 -7.709364e-01 6.367487e-01
-1.222835e-01 4.241645e-01 -8.972910e-01
-4.738747e-01 7.825164e-01 -4.038698e-01
9.665209e-01 -2.236623e-01 1.257481e-01
3.813031e-01 -5.799191e-01 -7.199318e-01
-7.421247e-01 6.141586e-01 -2.684403e-01
9.741145e-01 -2.148549e-01 7.027369e-02
4.724909e-01 6.146518e-01 6.316292e-01
7.145293e-01 6.055471e-01 3.503721e-01
6.194071e-01 -4.386246e-01 -6.511093e-01
-6.970028e-03 -3.515207e-01 -9.361542e-01
5.874273e-01 8.058336e-01 7.457432e-02
