_001 -9.363503 18.028572 6.959818
_002 -14.966462 -13.759254 -10.320164
_003 -1.452090 14.647046 3.033450
_004 -17.701814 -19.176620 14.097296
_005 -20.811066 -11.506436 -9.545251
_006 -4.585113 -7.830310 0.742693
_007 -10.798625 -8.350834 3.355587
_008 -3.487347 -8.314214 -4.009145
_009 -11.401750 11.407038 -9.009787
_010 -12.855861 3.696583 -13.606488
_011 -15.188621 -13.179035 -13.048452
_012 -23.722138 18.625281 9.251920
_013 -7.615344 -16.093115 5.526991
_014 -11.003812 -15.118471 -0.144693
_015 -0.859713 16.372816 -7.236601
_016 -16.563057 -7.531557 0.602041
_017 -13.667757 -12.605822 14.087539
_018 -19.378321 17.579958 11.844821
_019 -14.947499 16.874969 -12.345225
_020 -4.899572 -18.190908 -5.240090
_021 -9.716932 -9.146039 9.862125
_022 -8.918833 -8.762620 1.280882
_023 -3.523106 12.087879 -12.763481
_024 -24.672173 10.889791 -9.038530
_025 -0.138053 12.618457 6.205720
_026 -18.225179 10.850814 -12.778660
_027 -8.961643 -15.365238 10.893103
_028 -15.582453 -6.764079 -13.093249
_029 -7.774558 -6.992667 6.888185
_030 -15.938937 15.488510 -0.833552
_031 -2.989856 8.529791 7.823551
_032 -14.031930 10.838687 -0.186132
_033 -13.068321 -2.898359 -14.237426
_034 -2.697286 -18.742833 4.092312
_035 -7.858900 0.342828 12.226994
_036 -6.232306 -3.584683 7.666534
_037 -5.719954 -16.920804 -6.307456
_038 -4.030532 17.187906 9.243611
_039 -15.835094 14.858424 9.110162
_040 -4.664251 15.702360 1.180267
_041 -20.186004 15.843652 -5.459896
_042 -2.751298 -10.882593 -2.186766
_043 -20.450369 14.429223 -14.791436
_044 -12.768683 -3.303560 -8.336766
_045 -2.996634 -6.495393 13.287291
_046 -8.080073 0.751625 6.090569
_047 -9.090740 18.871283 13.873419
_048 -6.294557 -0.110060 -5.973651
_049 -7.121012 -18.524522 3.286930
_050 -12.566976 -17.940850 -6.640606
_051 -22.706647 -10.417524 -10.653154
_052 -12.236319 19.426018 -7.738342
_053 -16.803389 10.464785 -7.870874
_054 -18.205409 -5.288675 3.969175
_055 -15.838243 1.430987 -12.291307
_056 -20.882562 -7.168797 -9.404445
_057 -1.019379 3.635718 5.326931
_058 -0.414696 0.483722 -8.205127
_059 -16.129320 -13.025343 5.728132
_060 -9.668384 17.469200 -10.874372
_061 -8.526659 -15.461059 12.740809
_062 -21.933484 -9.682335 4.799521
_063 -20.430555 2.208032 0.889517
_064 -6.046307 -16.275889 11.916473
_065 -22.510451 5.324058 -4.829106
_066 -8.730239 9.038227 11.913308
_067 -22.177161 11.195022 4.260949
_068 -2.103499 -13.534851 11.956626
_069 -15.160726 -19.632118 -11.955854
_070 -16.587544 -19.797537 -10.175758
_071 -13.718345 7.675808 4.558838
_072 -5.606733 8.487169 -7.882527
_073 -8.134992 9.859656 4.488987
_074 -21.230585 6.304516 2.049258
_075 -2.341869 -5.291368 -7.043929
_076 -6.099741 18.920422 -3.207068
_077 -22.301164 5.245545 8.844339
_078 -12.565927 3.076155 -0.224469
_079 -4.881075 8.898085 -6.576829
_080 -0.607899 5.818892 -9.686680
_081 -23.511465 18.157143 12.445932
_082 -9.253968 -19.381735 12.849557
_083 -10.704604 18.666193 13.908599
_084 -21.325236 -8.222044 -3.447068
_085 -21.278417 -7.323120 -9.915218
_086 -13.920032 17.446191 5.880894
_087 -14.251529 -16.112940 3.450217
_088 -24.751346 -14.396639 0.549890
_089 -21.934327 9.630745 5.910472
_090 -17.562102 -5.620354 -6.192245
_091 -20.234029 12.404536 11.012170
_092 -22.831014 0.453696 0.045489
_093 -19.957379 5.998557 6.059006
_094 -19.894817 15.600214 -4.860145
_095 -9.389574 -16.240722 2.348404
_096 -0.898557 -1.376079 1.279339
_097 -7.163531 3.633330 -14.084993
_098 -0.933705 12.904022 -4.194281
_099 -3.176513 0.889730 8.099807
_100 -5.395526 4.915619 -12.439576
_101 -1.292043 1.254185 1.219054
_102 -15.935748 9.043653 14.275562
_103 -12.907509 -7.081741 8.855586
_104 -6.770806 -2.441143 -12.646309
_105 -0.633769 18.505937 10.079404
_106 -17.399355 -3.641882 -9.801170
_107 -3.910926 -9.990284 1.476800
_108 -17.864898 6.407895 -6.601983
_109 -23.871632 9.515877 1.630622
_110 -15.293019 -3.215998 -7.568070
_111 -8.899317 10.313844 -14.568195
_112 -2.901816 -18.159894 -13.778136
_113 -21.386515 8.146314 -0.774785
_114 -2.445854 -0.335365 -0.795847
_115 -4.330047 -2.645934 -3.044858
_116 -15.396252 5.403746 -13.640880
_117 -9.365315 5.034397 0.094088
_118 -21.412246 6.347745 -10.111967
_119 -1.764219 5.696771 -14.204661
_120 -14.644390 17.609210 2.264225
_121 -9.704248 5.731529 -1.252413
_122 -13.640420 17.658592 -3.416921
_123 -24.029764 16.214026 -9.126266
_124 -1.734033 -15.968880 -14.453345
_125 -2.361074 7.320271 -12.864341
_126 -7.974391 13.795012 -14.301842
_127 -20.361712 -8.725809 -11.455055
_128 -17.418429 5.157714 11.324160
_129 -18.376776 12.139237 -6.538963
_130 -4.435989 10.024590 9.205042
_131 -24.762629 -3.495293 -3.839457
_132 -19.410324 -6.367858 12.922720
_133 -21.460319 -2.840239 7.526132
_134 -18.863572 -15.875045 12.076587
_135 -12.631309 13.058299 -5.398512
_136 -22.388081 -4.431933 -14.674870
_137 -22.634549 -16.348533 -5.420591
_138 -23.751549 18.024286 2.203137
_139 -15.795930 -2.062179 -6.203677
_140 -8.216614 6.900738 7.571236
_141 -19.789476 11.584726 -12.263817
_142 -12.360508 -17.697650 1.485866
_143 -11.038263 15.508167 -4.472550
_144 -2.926675 -14.280333 7.845319
_145 -15.455452 -15.955093 -12.476796
_146 -17.524228 -17.089480 9.655802
_147 -17.656056 -16.746049 -12.454869
_148 -24.665989 -5.029168 -3.880736
_149 -20.319989 17.889943 14.580032
_150 -18.834455 -4.949617 -12.494978
_151 -19.428673 2.336170 -2.273340
_152 -22.658860 -15.552101 -0.221247
_153 -0.283841 -1.253574 -13.310902
_154 -2.970448 -15.298950 4.476309
_155 -18.651122 3.334751 13.865176
_156 -9.371764 -8.571517 11.057974
_157 -5.589896 18.528902 -14.635366
_158 -24.246971 -18.273604 11.734293
_159 -13.192528 19.718592 -12.786103
_160 -13.846357 18.772101 0.692935
_161 -15.734966 7.829948 -1.363768
_162 -15.688952 3.372572 12.034740
_163 -1.136160 -8.761472 13.512345
_164 -22.256595 -1.773730 3.603978
_165 -6.934530 -12.475154 -1.089048
_166 -8.833806 3.346244 -12.667961
_167 -24.359870 19.448430 5.944851
_168 -13.402409 -7.618895 9.413851
_169 -17.118279 -13.495322 12.327816
_170 -20.563431 17.991997 6.771585
_171 -15.335380 -3.270279 12.981855
_172 -21.651597 -18.191253 -14.208991
_173 -9.411584 12.422133 14.618284
_174 -3.760422 3.765229 -3.573274
_175 -24.247860 13.684757 10.149861
_176 -11.717329 -3.407220 -6.797788
_177 -1.409387 14.588895 9.387030
_178 -24.992942 19.865473 1.662951
_179 -19.224685 17.790629 10.489422
_180 -6.183703 -1.978235 -11.125218
_181 -23.851276 4.246985 -8.140716
_182 -16.792517 4.725130 -4.255118
_183 -2.838940 6.862928 0.609231
_184 -19.307960 0.806540 10.565445
_185 -13.797671 2.437519 11.299608
_186 -10.087072 -14.639391 -14.136520
_187 -18.878431 4.812382 6.122393
_188 -5.324104 -14.545141 -14.563660
_189 -8.764689 3.596707 -3.232679
_190 -10.936873 16.166348 -4.552336
_191 -12.849737 11.346121 -3.103717
_192 -15.552168 14.494548 13.485619
_193 -3.676837 17.063505 -0.236511
_194 -6.456110 -1.634570 14.400977
_195 -12.315452 -6.849936 4.002026
_196 -6.003640 -16.965467 -11.133608
_197 -3.201146 -13.923892 -10.835185
_198 -16.021869 -12.724797 -4.629982
_199 -22.419710 -1.041534 5.026732
_200 -4.307997 -12.308439 -13.773942
_201 -4.223377 -8.856386 -9.689685
_202 -2.217563 -15.174565 -1.176637
_203 -5.158343 -5.429206 0.102518
_204 -17.259871 -18.427514 8.982312
_205 -15.697510 -16.729639 11.207359
_206 -23.021810 -17.556882 -6.693671
_207 -20.155032 9.930388 -9.464369
_208 -5.233733 -5.181116 -0.464310
_209 -15.456369 -5.243454 -1.123959
_210 -18.686773 -18.532672 -7.426892
_211 -17.833740 15.808274 0.350323
_212 -13.302837 -15.713120 -1.577629
_213 -13.315432 -10.301180 -6.922703
_214 -9.432104 -19.197152 -5.337625
_215 -5.286200 -6.900106 -11.407136
_216 -22.263182 3.743698 5.373070
_217 -19.729281 -0.062312 -12.392391
_218 -13.427664 3.473645 7.363184
_219 -10.791489 -14.896788 -6.486723
_220 -9.077057 5.836690 2.123349
_221 -8.902418 19.460610 3.173245
_222 -5.930670 -15.928701 -10.414226
_223 -6.148943 -13.572745 -9.402989
_224 -7.127379 -13.065056 11.902963
_225 -2.005844 0.980456 -2.688095
_226 -24.559465 -15.518444 -3.064332
_227 -24.236761 14.620285 9.512162
_228 -6.447571 -13.164497 5.059297
_229 -23.234400 2.270516 2.148381
_230 -6.999477 10.779717 -9.388688
_231 -8.091981 -2.982542 0.228311
_232 -6.060243 -15.406527 3.318601
_233 -7.215764 3.249529 -10.369119
_234 -12.028503 1.303577 -13.445294
_235 -8.415107 -14.623413 -13.098751
_236 -24.749006 -7.105846 9.296233
_237 -6.366016 7.260109 7.806836
_238 -14.890969 -1.136952 -2.644773
_239 -8.721707 17.181166 9.918582
_240 -24.125673 -15.028111 6.926024
_241 -23.458511 -12.750677 -13.005112
_242 -18.528016 2.978925 10.254863
_243 -3.494309 11.810692 -8.951180
_244 -4.091399 -13.429368 9.437242
_245 -16.629931 0.922617 -4.235085
_246 -21.930014 -4.302196 9.497983
_247 -10.978373 -4.922223 -1.119606
_248 -7.534447 9.904375 0.081612
_249 -5.805317 15.982983 -3.483263
_250 -13.588822 16.258884 3.727140
_251 -2.922451 17.593285 3.831242
_252 8.372640 -14.429117 8.820756
_253 15.501819 1.338444 11.816777
_254 19.714930 -13.933005 -5.648338
_255 6.212228 9.757852 -13.994027
_256 14.247242 10.498347 11.302969
_257 8.552044 12.850292 -11.681048
_258 21.161307 -14.900454 -3.081381
_259 19.932384 -14.003303 -8.122458
_260 18.056314 8.801461 4.234429
_261 17.348711 1.708978 -7.446028
_262 8.642400 -12.736091 12.253517
_263 14.584795 -3.965943 -1.139826
_264 23.682083 -13.865944 2.586895
_265 12.647217 4.458169 -14.456694
_266 21.803098 17.284731 1.953996
_267 17.416271 16.899975 6.217159
_268 3.813476 3.051534 3.201451
_269 10.603267 9.457769 13.031010
_270 23.139213 -1.966425 -11.602859
_271 24.621030 13.555923 -11.260120
_272 23.021047 14.795854 0.565142
_273 14.781886 -4.039892 -13.357151
_274 8.379931 12.114138 -14.861039
_275 8.337479 -4.073252 1.121868
_276 22.996390 -6.146160 -4.591404
_277 18.437531 -1.911282 -8.261855
_278 11.310988 -14.365719 -9.708390
_279 12.459194 -3.242982 12.445377
_280 9.059847 3.223534 3.967929
_281 0.327361 6.541495 -9.658921
_282 24.026758 -14.053491 -2.561276
_283 2.133742 19.874970 0.065850
_284 14.884625 -17.316941 7.498814
_285 5.247640 15.922172 -8.845811
_286 4.767193 -18.538013 -0.837992
_287 14.121028 -17.371654 8.265829
_288 11.332221 0.975611 -1.777118
_289 10.019077 2.385613 -10.342793
_290 4.548203 14.471425 13.383464
_291 9.332733 -9.170213 4.319986
_292 10.218354 -18.984546 -10.315422
_293 17.899306 6.356958 -14.187120
_294 5.549304 -10.757008 5.156782
_295 0.492763 -15.835657 8.997483
_296 4.463617 6.109844 -7.854517
_297 2.486035 -10.273112 6.668008
_298 21.392412 13.208795 -3.084494
_299 16.702128 -11.800628 -6.205568
_300 22.408395 -19.479923 -12.434744
_301 5.197156 -18.938712 -9.556937
_302 14.576039 -3.143018 11.780151
_303 20.436089 -6.327306 -7.217297
_304 9.492310 3.611798 -6.958091
_305 15.603723 -3.623534 1.561415
_306 10.903163 -8.221370 13.453599
_307 19.090145 -14.395473 11.054039
_308 12.185780 15.782089 8.995658
_309 10.630338 -19.101228 -6.939679
_310 13.540855 5.339129 -7.263369
_311 3.483902 13.397209 14.532065
_312 13.142255 -13.132829 -6.830780
_313 0.459767 16.571952 -11.467468
_314 14.412912 -9.037791 1.625340
_315 16.285510 13.189672 -8.807362
_316 0.274896 -14.524575 12.000559
_317 21.847252 3.896524 3.015506
_318 16.625917 -12.985149 12.432358
_319 10.469263 -4.674459 0.567531
_320 1.174149 -13.348665 7.141008
_321 2.069967 4.126084 -7.639527
_322 9.732390 -8.452251 -4.329819
_323 17.976148 -8.115131 1.992139
_324 11.901260 6.546847 13.104892
_325 18.314302 -11.402385 -14.064506
_326 6.556601 3.803117 -13.457226
_327 12.409156 3.873714 -4.972683
_328 19.272805 -15.736070 -12.745867
_329 18.204719 -0.180347 5.652072
_330 10.870683 -10.143919 9.573070
_331 19.985397 7.787859 -6.835646
_332 14.755767 -5.561044 -12.252538
_333 22.932839 -14.527255 13.507121
_334 11.150144 -12.594683 1.257028
_335 21.823646 9.288995 9.196834
_336 16.469584 7.691063 10.475870
_337 6.241700 -0.423001 -8.363717
_338 24.691700 17.762374 -13.817196
_339 17.639379 17.009933 -9.582740
_340 14.198631 16.619532 -13.981621
_341 17.435507 -8.106040 12.731886
_342 24.276456 17.770660 -0.773574
_343 21.551066 13.781976 -5.426986
_344 20.722887 -18.519695 2.888096
_345 5.750221 -15.177325 -12.691404
_346 17.407219 -6.405001 6.743003
_347 1.633909 -7.388386 1.184739
_348 19.768079 -7.249900 3.776741
_349 22.149444 4.634528 -8.011216
_350 0.610020 14.803955 -14.361918
_351 21.867542 1.157485 13.172031
_352 19.969581 19.917364 -4.478646
_353 19.179707 -3.922763 -0.603731
_354 15.687637 14.947085 14.522504
_355 19.206835 -3.289329 -2.359290
_356 18.439558 -10.448914 -11.685777
_357 8.865554 -8.510440 -6.110756
_358 5.840194 -18.316272 -14.463782
_359 24.693060 -2.889075 -3.470201
_360 16.991182 -11.269844 13.498836
_361 19.658625 -16.423560 -2.472577
_362 21.977958 17.789281 -0.977955
_363 15.335285 -13.318642 14.735059
_364 5.791793 17.709271 4.489399
_365 15.193420 0.507540 -8.079906
_366 4.413201 -11.180552 -9.406852
_367 19.489612 -5.994990 -13.264720
_368 24.227566 15.351435 12.832568
_369 24.872696 -13.044190 -3.112739
_370 18.955962 7.840825 -10.383123
_371 20.395828 -11.022377 -8.285472
_372 13.424361 3.717597 2.402586
_373 2.287171 15.098435 -7.031999
_374 3.237873 15.549923 13.669545
_375 21.553190 12.380643 4.657259
_376 13.771434 -16.520530 -2.746404
_377 9.317213 -9.609849 6.702603
_378 12.396893 -16.758151 -8.394504
_379 17.081469 -16.954766 10.536207
_380 12.378663 -0.776537 2.772234
_381 20.617024 -6.087632 5.340485
_382 14.143299 -9.318869 11.358900
_383 19.935651 6.338073 10.517452
_384 21.682355 8.334519 10.110400
_385 17.436787 7.205631 3.558341
_386 18.817916 -13.655796 11.426123
_387 21.796088 -18.830109 9.774503
_388 3.221747 -6.595246 7.305248
_389 4.018997 12.718681 9.964025
_390 12.686693 -19.744565 -6.388856
_391 15.423173 19.247447 3.954406
_392 6.495090 5.360228 1.199561
_393 19.496135 -15.720774 7.830837
_394 13.531664 18.519680 -4.743835
_395 15.815547 17.281124 -11.924708
_396 23.430712 7.515429 -12.964888
_397 7.524089 8.326884 -12.979482
_398 14.554262 -6.164678 3.627466
_399 1.143551 14.861472 14.204669
_400 24.221946 9.986073 -11.097413
_401 18.956580 -19.016523 -14.336293
_402 8.090255 -0.454272 8.112223
_403 17.082384 -2.163892 -6.791200
_404 24.928113 -2.952748 -1.458389
_405 4.090596 11.792382 5.810467
_406 5.519240 -16.704758 5.414979
_407 16.362780 -9.069619 13.525907
_408 3.776447 -2.706608 13.308478
_409 10.493183 5.541038 -3.072168
_410 6.855380 19.359106 -2.719980
_411 22.352480 -10.801816 -8.606859
_412 0.778352 6.066673 -3.944210
_413 21.608956 -1.071604 14.045803
_414 4.638138 14.744927 8.297906
_415 19.273046 13.791329 7.830720
_416 15.655508 -14.750205 -14.024215
_417 23.021196 4.666013 8.896119
_418 12.038059 -15.307672 -11.244426
_419 17.139132 -2.787764 -8.984258
_420 12.289864 -17.431643 2.459142
_421 6.724835 11.902364 -5.689141
_422 11.380504 -19.535178 -12.826593
_423 9.812339 -0.802447 3.000616
_424 7.291564 7.799275 10.803672
_425 19.496275 -18.415247 -0.584792
_426 2.623254 -10.318199 14.599878
_427 3.562389 -0.044474 3.544672
_428 17.561624 2.385947 -14.706875
_429 8.161533 0.708466 -12.364005
_430 8.765673 -18.671876 -12.642645
_431 9.923082 -14.691370 2.026225
_432 17.236624 12.023468 -8.995493
_433 4.187065 -15.817286 4.092907
_434 17.661893 -18.736554 13.086367
_435 1.299282 1.651853 6.271816
_436 21.774228 8.563477 9.051842
_437 8.486255 12.593005 -12.596555
_438 22.370416 1.903695 9.518933
_439 11.307957 5.743108 0.792080
_440 18.289738 -16.734801 -13.189437
_441 6.177581 -13.618213 11.153507
_442 5.480350 19.034610 -4.893126
_443 4.552948 11.587940 4.761233
_444 12.454893 2.214542 6.576053
_445 5.711369 19.853357 14.243795
_446 16.258142 -12.018302 5.406847
_447 1.804960 -18.773900 -7.269513
_448 11.565574 14.730900 6.815072
_449 18.567663 -2.980267 -4.621950
_450 9.275969 19.505983 -13.796724
_451 21.675787 3.147016 -1.841537
_452 18.131442 -0.533242 11.202697
_453 22.517547 -3.131163 -6.695166
_454 14.808758 16.494534 -8.680134
_455 15.574165 5.262409 6.993391
_456 3.289192 8.632999 12.270976
_457 4.492078 -10.498267 14.141853
_458 4.524424 14.175404 -0.231664
_459 6.180777 14.829996 -1.640842
_460 12.870434 -5.630665 2.788526
_461 4.088097 -4.356739 14.082370
_462 6.453336 6.269467 -5.244298
_463 19.336828 -14.765054 14.094631
_464 11.344739 -10.557981 -12.795098
_465 4.243948 0.790958 -4.889905
_466 20.722084 -2.764499 -7.538572
_467 15.428625 8.271089 -9.988743
_468 4.190480 -18.533143 7.092060
_469 16.595113 -1.014765 10.325113
_470 20.141754 3.414175 11.048138
_471 5.146030 -15.523215 -6.907512
_472 1.427171 1.246781 13.098171
_473 0.983589 -15.115603 -1.434029
_474 23.346875 -7.353756 0.217044
_475 1.039321 -14.066272 14.598904
_476 24.127967 -19.802401 13.554354
_477 15.977998 14.716732 -1.357804
_478 12.889901 -0.446137 5.005928
_479 3.491281 -18.801056 -5.762102
_480 17.617019 -11.925862 5.202973
_481 24.247801 -16.243971 5.178064
_482 11.093755 14.725690 -9.685506
_483 17.315649 13.524612 13.338427
_484 17.081201 -0.113009 3.535417
_485 21.722625 2.824390 -14.088388
_486 23.273717 7.581070 5.295402
_487 5.391879 6.355419 -3.184068
_488 16.280824 -15.736279 4.735359
_489 24.985343 -18.071518 14.315226
_490 10.172699 14.830138 8.471565
_491 14.175407 9.537968 11.355467
_492 10.103508 -6.918674 5.027802
_493 20.196149 10.491405 8.934409
_494 10.889583 12.713369 -11.393728
_495 13.612227 -19.769654 -5.262425
_496 9.161538 -4.153092 5.864016
_497 9.713953 -2.052255 -7.873676
_498 9.331295 -10.909215 -12.804122
_499 15.086215 6.728512 3.584710
_500 11.587351 -4.808569 10.900009
_501 12.977045 -0.832725 -14.230738
_502 8.531196 -4.792175 -3.035317
_503 14.504309 1.344102 3.237153
